beta0	1	4900
deviance	4901	9800
invlambda	9801	14700
k	14701	19600
taub[1]	19601	24500
taub[2]	24501	29400
taub[3]	29401	34300
taub[4]	34301	39200
taub[5]	39201	44100
taub[6]	44101	49000
taub[7]	49001	53900
taub[8]	53901	58800
taub[9]	58801	63700
taub[10]	63701	68600
taub[11]	68601	73500
taub[12]	73501	78400
taub[13]	78401	83300
taub[14]	83301	88200
taub[15]	88201	93100
taub[16]	93101	98000
taub[17]	98001	102900
taub[18]	102901	107800
taub[19]	107801	112700
taub[20]	112701	117600
taub[21]	117601	122500
taub[22]	122501	127400
taub[23]	127401	132300
taub[24]	132301	137200
taub[25]	137201	142100
taub[26]	142101	147000
taub[27]	147001	151900
taub[28]	151901	156800
taub[29]	156801	161700
taub[30]	161701	166600
taub[31]	166601	171500
taub[32]	171501	176400
taub[33]	176401	181300
taub[34]	181301	186200
taub[35]	186201	191100
taub[36]	191101	196000
taub[37]	196001	200900
taub[38]	200901	205800
taub[39]	205801	210700
taub[40]	210701	215600
taub[41]	215601	220500
taub[42]	220501	225400
taub[43]	225401	230300
taub[44]	230301	235200
taub[45]	235201	240100
taub[46]	240101	245000
taub[47]	245001	249900
taub[48]	249901	254800
taub[49]	254801	259700
taub[50]	259701	264600
taub[51]	264601	269500
taub[52]	269501	274400
taub[53]	274401	279300
taub[54]	279301	284200
taub[55]	284201	289100
taub[56]	289101	294000
taub[57]	294001	298900
taub[58]	298901	303800
taub[59]	303801	308700
taub[60]	308701	313600
taub[61]	313601	318500
taub[62]	318501	323400
taub[63]	323401	328300
taub[64]	328301	333200
taub[65]	333201	338100
taub[66]	338101	343000
taub[67]	343001	347900
taub[68]	347901	352800
taub[69]	352801	357700
taub[70]	357701	362600
taub[71]	362601	367500
taub[72]	367501	372400
taub[73]	372401	377300
taub[74]	377301	382200
taub[75]	382201	387100
taub[76]	387101	392000
taub[77]	392001	396900
taub[78]	396901	401800
taub[79]	401801	406700
taub[80]	406701	411600
taub[81]	411601	416500
taub[82]	416501	421400
taub[83]	421401	426300
taub[84]	426301	431200
taub[85]	431201	436100
taub[86]	436101	441000
taub[87]	441001	445900
taub[88]	445901	450800
taub[89]	450801	455700
taub[90]	455701	460600
taub[91]	460601	465500
taub[92]	465501	470400
taub[93]	470401	475300
taub[94]	475301	480200
taub[95]	480201	485100
taub[96]	485101	490000
taub[97]	490001	494900
taub[98]	494901	499800
taub[99]	499801	504700
taub[100]	504701	509600
