Deviance	1	5000
beta0	5001	10000
beta1	10001	15000
beta2	15001	20000
deviance	20001	25000
predict[1]	25001	30000
predict[2]	30001	35000
predict[3]	35001	40000
predict[4]	40001	45000
predict[5]	45001	50000
predict[6]	50001	55000
predict[7]	55001	60000
predict[8]	60001	65000
predict[9]	65001	70000
predict[10]	70001	75000
predict[11]	75001	80000
predict[12]	80001	85000
predict[13]	85001	90000
predict[14]	90001	95000
predict[15]	95001	100000
predict[16]	100001	105000
predict[17]	105001	110000
predict[18]	110001	115000
predict[19]	115001	120000
predict[20]	120001	125000
predict[21]	125001	130000
predict[22]	130001	135000
predict[23]	135001	140000
predict[24]	140001	145000
predict[25]	145001	150000
predict[26]	150001	155000
predict[27]	155001	160000
predict[28]	160001	165000
predict[29]	165001	170000
predict[30]	170001	175000
predict[31]	175001	180000
predict[32]	180001	185000
predict[33]	185001	190000
predict[34]	190001	195000
predict[35]	195001	200000
predict[36]	200001	205000
predict[37]	205001	210000
predict[38]	210001	215000
predict[39]	215001	220000
predict[40]	220001	225000
predict[41]	225001	230000
predict[42]	230001	235000
predict[43]	235001	240000
predict[44]	240001	245000
predict[45]	245001	250000
predict[46]	250001	255000
predict[47]	255001	260000
predict[48]	260001	265000
predict[49]	265001	270000
predict[50]	270001	275000
predict[51]	275001	280000
predict[52]	280001	285000
predict[53]	285001	290000
predict[54]	290001	295000
predict[55]	295001	300000
predict[56]	300001	305000
predict[57]	305001	310000
predict[58]	310001	315000
predict[59]	315001	320000
predict[60]	320001	325000
predict[61]	325001	330000
predict[62]	330001	335000
predict[63]	335001	340000
predict[64]	340001	345000
predict[65]	345001	350000
predict[66]	350001	355000
predict[67]	355001	360000
predict[68]	360001	365000
predict[69]	365001	370000
predict[70]	370001	375000
predict[71]	375001	380000
predict[72]	380001	385000
predict[73]	385001	390000
predict[74]	390001	395000
predict[75]	395001	400000
predict[76]	400001	405000
predict[77]	405001	410000
predict[78]	410001	415000
predict[79]	415001	420000
predict[80]	420001	425000
predict[81]	425001	430000
predict[82]	430001	435000
predict[83]	435001	440000
predict[84]	440001	445000
predict[85]	445001	450000
predict[86]	450001	455000
predict[87]	455001	460000
predict[88]	460001	465000
predict[89]	465001	470000
predict[90]	470001	475000
predict[91]	475001	480000
predict[92]	480001	485000
predict[93]	485001	490000
predict[94]	490001	495000
predict[95]	495001	500000
predict[96]	500001	505000
predict[97]	505001	510000
predict[98]	510001	515000
predict[99]	515001	520000
predict[100]	520001	525000
predict[101]	525001	530000
predict[102]	530001	535000
predict[103]	535001	540000
predict[104]	540001	545000
predict[105]	545001	550000
predict[106]	550001	555000
predict[107]	555001	560000
predict[108]	560001	565000
predict[109]	565001	570000
predict[110]	570001	575000
predict[111]	575001	580000
predict[112]	580001	585000
predict[113]	585001	590000
predict[114]	590001	595000
predict[115]	595001	600000
predict[116]	600001	605000
predict[117]	605001	610000
predict[118]	610001	615000
predict[119]	615001	620000
predict[120]	620001	625000
predict[121]	625001	630000
predict[122]	630001	635000
predict[123]	635001	640000
predict[124]	640001	645000
predict[125]	645001	650000
predict[126]	650001	655000
predict[127]	655001	660000
predict[128]	660001	665000
predict[129]	665001	670000
predict[130]	670001	675000
predict[131]	675001	680000
predict[132]	680001	685000
predict[133]	685001	690000
predict[134]	690001	695000
predict[135]	695001	700000
predict[136]	700001	705000
predict[137]	705001	710000
predict[138]	710001	715000
predict[139]	715001	720000
predict[140]	720001	725000
sigma	725001	730000
